-1.24327
-2.05822
-2.05822
-2.06116
-2.06116
-2.06116
-2.06116
-2.06116
-2.06116
-2.06116
-2.06116
-2.06116
-2.06116
-2.06116
-2.06116
-2.06116
-2.06116
-2.06212
-2.06212
-2.06212
-2.06212
-2.06212
-2.06212
-2.06212
-2.06212
-1.24327
-2.04497
-2.06249
-2.06249
-2.06249
-2.06249
-2.06249
-2.06249
-2.06249
-2.06249
-2.06249
-2.06249
-2.06249
-2.06249
-2.06249
-2.06249
-2.06249
-2.06249
-2.06249
-2.06249
-2.06249
-2.06249
-2.06249
-2.06249
-2.06249
-1.4606
-2.05536
-2.06052
-2.06103
-2.06219
-2.06219
-2.06219
-2.06248
-2.06248
-2.06248
-2.06248
-2.06248
-2.06248
-2.06248
-2.06248
-2.06248
-2.06248
-2.06248
-2.06248
-2.06248
-2.06248
-2.06248
-2.06248
-2.06248
-2.06248
-1.53095
-2.05653
-2.05653
-2.05653
-2.05925
-2.0605
-2.0605
-2.0605
-2.0605
-2.06214
-2.06214
-2.06214
-2.06214
-2.06214
-2.06214
-2.06214
-2.06214
-2.06214
-2.06214
-2.06214
-2.06214
-2.06214
-2.06214
-2.06214
-2.06214
-1.62335
-2.05573
-2.06115
-2.06115
-2.06115
-2.06115
-2.06117
-2.06117
-2.06117
-2.06117
-2.06117
-2.06117
-2.06117
-2.06117
-2.06117
-2.06117
-2.06141
-2.06141
-2.06141
-2.06141
-2.06141
-2.06141
-2.06141
-2.06141
-2.06141
-1.54438
-2.05104
-2.05852
-2.05852
-2.05852
-2.05922
-2.06009
-2.06023
-2.06023
-2.06023
-2.06023
-2.06023
-2.06023
-2.06023
-2.06023
-2.06023
-2.06023
-2.06133
-2.06133
-2.06133
-2.06136
-2.06136
-2.06136
-2.06136
-2.06136
-1.7816
-2.06104
-2.06104
-2.0623
-2.0623
-2.0623
-2.0624
-2.0624
-2.0624
-2.0624
-2.0624
-2.0624
-2.0624
-2.0624
-2.0624
-2.0624
-2.0624
-2.0624
-2.0624
-2.0624
-2.0624
-2.0624
-2.0624
-2.0624
-2.0624
-1.58938
-2.04686
-2.05954
-2.05954
-2.05954
-2.05954
-2.06041
-2.06041
-2.06041
-2.06041
-2.06174
-2.06174
-2.06174
-2.06174
-2.06174
-2.06174
-2.06174
-2.06174
-2.06174
-2.06242
-2.06242
-2.06242
-2.06242
-2.06242
-2.06242
-1.24327
-2.05603
-2.05603
-2.06224
-2.06224
-2.06224
-2.06238
-2.06238
-2.06238
-2.06238
-2.06238
-2.06238
-2.06238
-2.06238
-2.06238
-2.06238
-2.06238
-2.06238
-2.06238
-2.06238
-2.06238
-2.06238
-2.06238
-2.06238
-2.06238
-1.69205
-2.04654
-2.06226
-2.06226
-2.06226
-2.06226
-2.06226
-2.06226
-2.06226
-2.06226
-2.06226
-2.06226
-2.06226
-2.06226
-2.06226
-2.06226
-2.06226
-2.06226
-2.06226
-2.06226
-2.06226
-2.06226
-2.06261
-2.06261
-2.06261
-1.37004
-2.05068
-2.05219
-2.05475
-2.05475
-2.05475
-2.05475
-2.05475
-2.05475
-2.05712
-2.05979
-2.06115
-2.06115
-2.06115
-2.06115
-2.06115
-2.06115
-2.06115
-2.06115
-2.06115
-2.06115
-2.06115
-2.06115
-2.06115
-2.06115
-1.36177
-2.04292
-2.05611
-2.05834
-2.05834
-2.05834
-2.05834
-2.05834
-2.05865
-2.05865
-2.06067
-2.06067
-2.06067
-2.06067
-2.06082
-2.06082
-2.06082
-2.06082
-2.06082
-2.06082
-2.06082
-2.06082
-2.06082
-2.06082
-2.06082
-1.24327
-2.05979
-2.05979
-2.05979
-2.05979
-2.06118
-2.06255
-2.06255
-2.06255
-2.06255
-2.06255
-2.06255
-2.06255
-2.06255
-2.06255
-2.06255
-2.06255
-2.06255
-2.06255
-2.06255
-2.06255
-2.06255
-2.06255
-2.06255
-2.06255
-1.5938
-2.04227
-2.04243
-2.05809
-2.05809
-2.06091
-2.06247
-2.06247
-2.06247
-2.06247
-2.06247
-2.06247
-2.06247
-2.06247
-2.06247
-2.06247
-2.06247
-2.06247
-2.06247
-2.06247
-2.06247
-2.06247
-2.06247
-2.06247
-2.06247
-1.94742
-2.05702
-2.05702
-2.05702
-2.05702
-2.05702
-2.05702
-2.05702
-2.05702
-2.05702
-2.06127
-2.06127
-2.06127
-2.06127
-2.06127
-2.06127
-2.06127
-2.06234
-2.06234
-2.06234
-2.06234
-2.06234
-2.06234
-2.06234
-2.06234
-1.69494
-2.06068
-2.06068
-2.06068
-2.06068
-2.06068
-2.06068
-2.06068
-2.06068
-2.06179
-2.06179
-2.06179
-2.06179
-2.06179
-2.06179
-2.06179
-2.06179
-2.06179
-2.06179
-2.06179
-2.06179
-2.06179
-2.06179
-2.06179
-2.06179
-1.77312
-2.06219
-2.06219
-2.06219
-2.06219
-2.06219
-2.06219
-2.06219
-2.06219
-2.06219
-2.06219
-2.06219
-2.06219
-2.06219
-2.06219
-2.06219
-2.06219
-2.06219
-2.06219
-2.06219
-2.06219
-2.06219
-2.06219
-2.06219
-2.06219
-1.77003
-2.05815
-2.06152
-2.06152
-2.06152
-2.06152
-2.06152
-2.06152
-2.06152
-2.06152
-2.06152
-2.06152
-2.06152
-2.06152
-2.06152
-2.06152
-2.06152
-2.06152
-2.06152
-2.06152
-2.06152
-2.06152
-2.0618
-2.0618
-2.0618
-1.98301
-2.05573
-2.05573
-2.05772
-2.06241
-2.06241
-2.06241
-2.06241
-2.06241
-2.06241
-2.06241
-2.06241
-2.06241
-2.06241
-2.06241
-2.06241
-2.06241
-2.06241
-2.06241
-2.06241
-2.06241
-2.06241
-2.06241
-2.06241
-2.06241
-1.24327
-2.06182
-2.06182
-2.06182
-2.06182
-2.06182
-2.06182
-2.06182
-2.06182
-2.06182
-2.06182
-2.06182
-2.06182
-2.06182
-2.06182
-2.06182
-2.06182
-2.06182
-2.06182
-2.06182
-2.06198
-2.06198
-2.06217
-2.06217
-2.06217
-1.62696
-2.0615
-2.0615
-2.0615
-2.0615
-2.06189
-2.06189
-2.06189
-2.06189
-2.06189
-2.06189
-2.06189
-2.06189
-2.06189
-2.06189
-2.06189
-2.06189
-2.06189
-2.06189
-2.06189
-2.06189
-2.06189
-2.06189
-2.06189
-2.06189
-1.77124
-2.0624
-2.0624
-2.0624
-2.0624
-2.0624
-2.0624
-2.0624
-2.0624
-2.0624
-2.0624
-2.0624
-2.0624
-2.0624
-2.0624
-2.0626
-2.0626
-2.0626
-2.0626
-2.0626
-2.0626
-2.0626
-2.0626
-2.0626
-2.0626
-1.78819
-2.03822
-2.05736
-2.05736
-2.05736
-2.05736
-2.05736
-2.05958
-2.05958
-2.05958
-2.06046
-2.06046
-2.06046
-2.06046
-2.06046
-2.06214
-2.06253
-2.06253
-2.06253
-2.06253
-2.06253
-2.06253
-2.06253
-2.06253
-2.06253
-1.46808
-2.06061
-2.06061
-2.06061
-2.06061
-2.06061
-2.06094
-2.06094
-2.06094
-2.06094
-2.06094
-2.06094
-2.06094
-2.06172
-2.06172
-2.06172
-2.06228
-2.06228
-2.06228
-2.06228
-2.06228
-2.06228
-2.06228
-2.06228
-2.06228
-1.72437
-2.05195
-2.0618
-2.0618
-2.0618
-2.0618
-2.0618
-2.0618
-2.0618
-2.0618
-2.0618
-2.0618
-2.0618
-2.0618
-2.0618
-2.0618
-2.06188
-2.06188
-2.06188
-2.06188
-2.06188
-2.06197
-2.06197
-2.06197
-2.06197
