
-1.33201
-1.63065
-1.99671
-1.84343
-1.65868
-1.66932
-1.75607
-1.81067
-1.92053
-1.69062
-1.67258
-1.74319
-1.71184
-1.70087
-1.88212
-1.79677
-1.74961
-1.72094
-1.76814
-1.85097
-1.75645
-1.8222
-1.93099
-1.88243
-1.82695
-1.69134
-1.96623
-1.88045
-1.9437
-1.97054
-2.01765
-1.88052
-1.89987
-2.04774
-1.9009
-1.97902
-2.01939
-2.00439
-1.97196
-1.98521
-1.8909
-2.00796
-2.03571
-2.03409
-1.93877
-1.98557
-1.95512
-1.98638
-1.92579
-1.98794
-1.78719
-1.8533
-2.00315
-1.84308
-1.80871
-1.81086
-1.94854
-1.84045
-1.81907
-1.97868
-1.96752
-1.83606
-1.84321
-2.05231
-1.87413
-1.83914
-1.81619
-1.83039
-1.84356
-2.0429
-2.03062
-1.87921
-2.05389
-1.86402
-2.06117
-1.76513
-1.77816
-1.67375
-1.7304
-1.84259
-1.75954
-1.75776
-1.7802
-1.98893
-2.02632
-2.02621
-1.99165
-1.84453
-1.86747
-1.99642
-1.96617
-1.90604
-1.77104
-1.8796
-1.78753
-1.7776
-1.78312
-1.88798
-1.80575
-1.76089
-1.62798
-1.9934
-1.99243
-1.95948
-1.92353
-2.00401
-2.01933
-2.0267
-2.05829
-1.99435
-1.99147
-1.95824
-1.956
-1.94581
-1.94203
-1.98534
-1.94833
-2.0579
-2.007
-2.03142
-1.97814
-2.06078
-1.95587
-1.98081
-2.0462
-1.02866
-1.93743
-1.94737
-2.01744
-2.05483
-2.03251
-1.9496
-2.05226
-1.97056
-1.97413
-1.98621
-2.01311
-2.02945
-2.03751
-2.05518
-2.05408
-2.05035
-2.01619
-1.98337
-1.94422
-1.95272
-2.02527
-2.02137
-2.01276
-2.00246
-1.56424
-1.85705
-1.88803
-2.03687
-1.9567
-1.8658
-1.99958
-2.00091
-2.01732
-2.00501
-1.96433
-1.87554
-1.8883
-2.01907
-1.91687
-1.88983
-1.98606
-2.0218
-1.96216
-1.9502
-1.90722
-2.01748
-1.90369
-1.96731
-2.00828
-1.27922
-1.70338
-1.66527
-1.63404
-1.58776
-1.63244
-1.68545
-1.84448
-1.72098
-1.97174
-1.62716
-1.72061
-1.87054
-1.73912
-1.60773
-2.00356
-1.63123
-1.6399
-1.7733
-1.94009
-1.66455
-1.64045
-1.79946
-1.69029
-1.71304
-1.943
-2.02966
-2.03282
-2.05712
-2.01292
-1.99731
-2.02831
-2.01648
-2.01172
-2.04586
-2.00119
-2.02761
-2.00204
-2.035
-1.98789
-1.99886
-2.01792
-2.0476
-2.00357
-2.04104
-2.02356
-2.01135
-2.04128
-2.00948
-2.05279
-1.38124
-2.02338
-2.03932
-2.03423
-2.00867
-2.03684
-2.03465
-2.01308
-2.04831
-2.04578
-2.00648
-2.03063
-2.01406
-2.00548
-2.05725
-2.04136
-2.01953
-2.04879
-2.00528
-2.04914
-2.01983
-2.05512
-2.02616
-2.02197
-2.06239
-1.70321
-2.02029
-1.9356
-1.97288
-2.03277
-1.95006
-1.96274
-2.0426
-2.01463
-2.00436
-1.99351
-2.00844
-2.04368
-2.05497
-2.04459
-2.02135
-1.98221
-2.04315
-2.02335
-2.03207
-1.95151
-1.98293
-1.95586
-2.05914
-2.01427
-0.925523
-1.46546
-1.61815
-1.9974
-1.65239
-1.70349
-1.8836
-1.88216
-1.60055
-1.84939
-1.66901
-1.66259
-1.59152
-1.73103
-1.85774
-1.60585
-1.69751
-1.62238
-1.6593
-1.77198
-1.65985
-1.72549
-1.6575
-1.71816
-1.98838
-1.61129
-1.51363
-1.6179
-1.42324
-1.52084
-1.5498
-1.52828
-1.49448
-1.48499
-1.76764
-1.78186
-1.60658
-1.82775
-1.52699
-1.57681
-1.69764
-1.68015
-1.52576
-1.64579
-1.58157
-1.52983
-1.63825
-1.50255
-1.87558
-1.52303
-1.67298
-1.84412
-1.84812
-1.82157
-1.84749
-1.79456
-1.78685
-1.83223
-1.79685
-1.88559
-1.84199
-1.97822
-1.83699
-2.01621
-1.83603
-2.03109
-1.99425
-1.84073
-1.84698
-2.00569
-1.88759
-1.99944
-1.85244
-1.83525
-1.87915
-1.15252
-2.04803
-1.95247
-1.97343
-2.0191
-2.021
-2.01422
-2.00666
-1.97762
-2.01422
-2.0255
-2.02307
-2.00184
-2.02884
-2.01444
-1.99546
-2.02913
-2.04514
-1.99027
-2.00649
-2.00965
-1.99661
-2.01376
-2.00146
-2.04465
-1.30989
-2.00608
-2.06155
-2.04834
-1.97078
-2.0366
-2.03644
-1.9887
-2.00317
-2.03878
-1.98525
-2.03753
-1.98897
-1.98189
-2.04368
-1.99159
-1.97846
-2.01402
-2.0033
-1.97439
-1.99913
-2.03048
-2.04792
-2.01665
-2.00534
-1.41374
-1.74692
-1.82622
-2.04889
-1.85633
-2.01618
-1.83664
-1.97627
-1.83452
-1.94093
-1.82697
-1.84862
-1.95273
-2.06121
-1.82671
-1.94217
-2.05698
-1.87252
-1.87393
-2.00013
-1.83228
-1.88652
-1.88979
-1.88161
-1.88901
-1.77961
-1.90109
-1.97483
-2.04256
-1.93954
-2.00099
-1.93821
-1.93379
-1.96261
-2.03032
-2.00412
-1.98429
-2.04659
-1.97722
-1.96884
-2.03204
-2.02931
-2.04763
-2.04017
-1.96112
-2.05651
-2.03721
-2.02848
-2.0367
-2.00852
-1.27463
-1.99069
-2.04148
-2.00207
-1.98276
-1.99431
-2.00257
-2.01916
-1.98711
-1.99908
-2.01708
-2.05075
-2.00641
-2.03466
-2.00936
-2.00675
-2.0184
-1.99508
-2.04329
-2.01544
-1.98435
-2.03603
-2.04801
-2.02762
-2.0463
-1.72267
-1.95403
-1.9819
-2.03591
-2.03715
-2.04044
-2.02373
-1.96253
-2.00537
-1.98836
-1.98151
-2.04146
-2.00027
-2.02115
-1.98922
-2.01669
-1.99445
-1.97807
-1.95157
-1.95707
-2.04772
-2.05301
-1.99667
-2.02785
-2.03531
-1.80414
-2.01205
-2.05755
-2.02304
-2.04069
-2.04567
-2.02424
-2.04467
-1.98373
-2.04881
-2.03208
-2.03853
-1.98974
-2.04767
-2.04047
-2.00134
-1.99518
-1.98862
-2.05781
-2.0212
-2.04703
-2.00899
-2.05539
-2.00831
-1.98458
-1.49816
-2.05412
-2.06236
-2.00294
-2.01408
-2.0339
-2.01376
-2.0015
-2.05766
-2.02238
-2.019
-2.02546
-2.05684
-2.04423
-2.01618
-2.01283
-2.04125
-2.0617
-2.04172
-2.03445
-2.04487
-2.00891
-2.02002
-2.02799
-2.03519
-1.83259
-1.9364
-1.95369
-1.90176
-1.95731
-1.89368
-1.97315
-1.96394
-2.05116
-1.91018
-1.92255
-2.02547
-1.99094
-1.97651
-1.98769
-1.95429
-2.03506
-1.92978
-2.02332
-2.03174
-1.93572
-1.98346
-1.92904
-1.91126
-1.983
-1.75324
-1.96098
-2.04493
-1.99141
-2.03193
-1.98911
-2.02005
-2.00394
-1.9956
-1.978
-2.04716
-2.03613
-2.02161
-2.0206
-2.05332
-2.03372
-1.98717
-2.00309
-1.98788
-1.99581
-2.05766
-2.00078
-2.02304
-2.01581
-2.03083
-1.4046
-2.04643
-2.03799
-2.04136
-1.99888
-2.00549
-2.00712
-2.01202
-2.03057
-2.04054
-2.0211
-2.04673
-2.05665
-2.002
-1.99926
-2.00674
-2.0034
-2.0371
-2.04729
-2.00743
-2.05981
-2.03553
-2.00344
-2.01892
-2.02544
