
-1.10015
-2.06126
-2.06126
-2.06126
-2.06126
-2.06126
-2.06126
-2.0615
-2.0615
-2.0615
-2.0615
-2.0615
-2.0615
-2.0615
-2.0615
-2.0615
-2.0615
-2.0615
-2.0615
-2.0615
-2.0615
-2.06235
-2.06235
-2.06235
-2.06235
-1.42134
-2.05662
-2.05662
-2.05687
-2.05687
-2.05687
-2.05687
-2.05998
-2.06139
-2.06139
-2.06139
-2.06139
-2.06173
-2.06173
-2.06174
-2.06174
-2.06174
-2.06188
-2.06188
-2.06188
-2.06188
-2.06188
-2.06188
-2.06188
-2.06188
-1.30783
-2.03733
-2.05936
-2.05936
-2.05936
-2.05936
-2.05936
-2.05936
-2.06068
-2.06068
-2.06068
-2.06068
-2.06068
-2.06068
-2.06068
-2.06068
-2.06256
-2.06256
-2.06256
-2.06256
-2.06256
-2.06256
-2.06256
-2.06256
-2.06256
-2.01572
-2.06165
-2.06165
-2.06204
-2.06204
-2.06204
-2.06204
-2.06204
-2.06204
-2.06204
-2.06204
-2.06204
-2.06204
-2.06204
-2.06204
-2.06204
-2.06204
-2.06204
-2.06213
-2.06213
-2.06213
-2.06213
-2.06213
-2.06213
-2.06213
-1.50913
-2.06064
-2.06064
-2.06064
-2.06064
-2.06064
-2.06064
-2.06221
-2.06221
-2.06221
-2.06221
-2.06221
-2.06221
-2.06221
-2.06221
-2.06221
-2.06221
-2.06221
-2.06221
-2.06221
-2.06221
-2.06221
-2.06221
-2.06221
-2.06221
-1.02991
-2.06249
-2.06249
-2.06249
-2.06249
-2.06249
-2.06249
-2.06249
-2.06249
-2.06249
-2.06249
-2.06249
-2.06249
-2.06249
-2.06249
-2.06249
-2.06249
-2.06249
-2.06249
-2.06249
-2.06249
-2.06249
-2.06249
-2.06249
-2.0625
-1.59587
-2.05939
-2.05939
-2.06023
-2.06023
-2.06244
-2.06244
-2.06244
-2.06244
-2.06244
-2.06244
-2.06244
-2.06244
-2.06246
-2.06246
-2.06246
-2.06246
-2.06246
-2.06246
-2.06246
-2.06246
-2.06246
-2.06246
-2.06246
-2.06246
-1.7265
-2.05736
-2.05736
-2.05736
-2.0601
-2.0601
-2.0601
-2.0601
-2.0601
-2.0601
-2.0601
-2.06125
-2.06125
-2.06211
-2.06211
-2.06211
-2.06211
-2.06237
-2.06237
-2.06237
-2.06237
-2.06237
-2.06237
-2.06237
-2.06237
-1.29882
-2.05482
-2.05893
-2.06001
-2.06246
-2.06246
-2.06246
-2.06246
-2.06252
-2.06252
-2.06252
-2.06253
-2.06253
-2.06253
-2.06253
-2.06253
-2.06253
-2.06253
-2.06258
-2.06258
-2.06258
-2.06258
-2.06258
-2.06258
-2.06258
-1.87802
-2.05996
-2.05996
-2.05996
-2.06226
-2.06226
-2.06226
-2.06226
-2.06226
-2.06226
-2.06226
-2.06226
-2.06226
-2.06226
-2.06226
-2.06226
-2.06226
-2.06226
-2.06226
-2.06226
-2.06226
-2.06226
-2.06226
-2.06226
-2.06226
-1.21901
-2.05764
-2.05764
-2.06126
-2.06126
-2.06126
-2.06126
-2.06126
-2.06218
-2.06218
-2.06259
-2.06259
-2.06259
-2.06259
-2.06259
-2.06259
-2.06259
-2.06259
-2.06259
-2.06259
-2.06259
-2.06259
-2.06259
-2.06259
-2.06259
-1.77587
-2.04758
-2.05146
-2.05146
-2.05999
-2.06255
-2.06255
-2.06255
-2.06255
-2.06255
-2.06255
-2.06255
-2.06255
-2.06255
-2.06255
-2.06255
-2.06255
-2.06255
-2.06255
-2.06255
-2.06255
-2.06255
-2.06255
-2.06255
-2.06255
-1.70157
-2.05981
-2.06117
-2.06133
-2.06133
-2.06133
-2.06133
-2.06234
-2.06234
-2.06234
-2.06234
-2.06234
-2.06234
-2.06234
-2.06234
-2.06234
-2.06234
-2.06234
-2.06234
-2.06234
-2.06234
-2.06234
-2.06234
-2.06234
-2.06234
-1.32943
-2.05739
-2.05884
-2.06155
-2.06155
-2.06155
-2.06155
-2.06155
-2.06155
-2.06155
-2.06181
-2.06181
-2.06191
-2.06191
-2.06191
-2.06244
-2.06244
-2.06244
-2.06244
-2.06244
-2.06244
-2.06244
-2.06244
-2.06244
-2.06244
-1.64861
-2.06212
-2.06212
-2.06212
-2.06212
-2.06212
-2.06231
-2.06231
-2.06231
-2.06231
-2.06231
-2.06231
-2.06231
-2.06231
-2.06231
-2.06231
-2.06231
-2.06231
-2.06231
-2.06231
-2.06231
-2.06231
-2.06231
-2.06231
-2.06231
-1.48998
-2.06086
-2.06245
-2.06245
-2.06245
-2.06245
-2.06245
-2.06245
-2.06245
-2.06245
-2.06245
-2.06245
-2.06245
-2.06245
-2.06245
-2.06245
-2.06245
-2.06245
-2.06245
-2.06245
-2.06245
-2.06245
-2.06245
-2.06245
-2.06245
-1.37966
-2.04815
-2.05916
-2.05916
-2.06256
-2.06256
-2.06256
-2.06256
-2.06256
-2.06256
-2.06256
-2.06256
-2.06256
-2.06256
-2.06256
-2.06256
-2.06256
-2.06256
-2.06256
-2.06256
-2.06256
-2.06256
-2.06256
-2.06256
-2.06256
-1.7802
-2.05996
-2.06023
-2.06023
-2.06055
-2.0623
-2.0623
-2.0623
-2.0623
-2.0623
-2.0623
-2.0623
-2.0623
-2.0623
-2.0623
-2.0623
-2.0623
-2.0623
-2.06252
-2.06252
-2.06252
-2.06252
-2.06252
-2.06252
-2.06252
-1.77228
-2.0522
-2.0522
-2.05662
-2.05662
-2.05955
-2.05955
-2.06115
-2.06203
-2.06203
-2.06203
-2.06203
-2.06203
-2.06203
-2.06203
-2.06203
-2.06203
-2.06203
-2.06203
-2.06203
-2.06203
-2.06203
-2.06203
-2.06203
-2.06203
-1.53777
-2.05479
-2.05479
-2.05479
-2.05479
-2.06215
-2.06215
-2.06215
-2.06215
-2.06215
-2.06215
-2.06215
-2.06215
-2.06238
-2.06238
-2.06238
-2.06238
-2.06238
-2.06238
-2.06238
-2.06238
-2.06238
-2.06238
-2.06238
-2.06238
-2.03297
-2.05489
-2.06094
-2.06208
-2.06208
-2.06208
-2.06211
-2.06229
-2.06229
-2.06229
-2.06229
-2.06229
-2.06229
-2.06229
-2.06229
-2.06229
-2.06229
-2.06229
-2.06229
-2.06229
-2.06229
-2.06229
-2.06229
-2.06229
-2.06229
-1.27699
-2.05073
-2.05802
-2.06141
-2.06141
-2.06141
-2.06141
-2.06141
-2.06141
-2.06141
-2.06141
-2.06141
-2.06141
-2.06141
-2.06141
-2.06141
-2.06141
-2.06141
-2.06141
-2.06141
-2.06141
-2.06141
-2.06182
-2.06182
-2.06182
-1.59027
-2.04389
-2.06053
-2.06059
-2.06059
-2.06059
-2.06067
-2.06067
-2.06067
-2.06067
-2.06067
-2.06067
-2.06067
-2.06067
-2.06067
-2.06067
-2.06067
-2.06067
-2.06067
-2.06067
-2.06067
-2.06067
-2.06067
-2.06067
-2.06067
-1.66372
-2.05979
-2.05979
-2.05979
-2.05979
-2.05979
-2.05979
-2.05979
-2.06097
-2.06097
-2.06097
-2.06097
-2.06097
-2.06097
-2.06097
-2.06097
-2.06118
-2.06118
-2.06118
-2.06118
-2.06233
-2.06233
-2.06233
-2.06233
-2.06233
-1.40903
-2.05937
-2.0616
-2.06236
-2.06236
-2.06236
-2.06236
-2.06236
-2.06236
-2.06236
-2.06236
-2.06236
-2.06236
-2.06236
-2.06236
-2.06236
-2.06236
-2.06236
-2.06236
-2.06236
-2.06236
-2.06236
-2.06236
-2.06236
-2.06236
